<<<<<<< HEAD
SCALE	9
UAV_WEIGHT	0
UAV_MIN_RADIUS	0
UAV_MAX_INCLINE	0
BATTERY_CAPACITY	0
=======
SCALE	0.7207697045192492
UAV_WEIGHT	25
UAV_MIN_RADIUS	18
UAV_MAX_INCLINE	30
BATTERY_CAPACITY	10000
>>>>>>> 6b630ec3c4062bfb88478f4c8f0303549d25c8ff
CAM_SENSOR_X	5.82
CAM_SENSOR_Y	3.82
CAM_FOCAL_LENGTH	3.72
CAM_RESOLUTION	12
CAM_ASPECT_RATIO	4:3
UAV_SPEED	20
WIND_SPEED	10
WIND_DIRECTION	135
ALTITUDE	50
FORWARD_OVERLAP	0
SIDE_OVERLAP	80
GSD	
====START====
<<<<<<< HEAD
<<<<<<< HEAD
START_LOC: 	372.0,406.0
582.0,236.0
1076.0,252.0
1165.0,500.0
648.0,629.0
450.0,521.0
582.0,236.0
====NFZ====
NFZ START
676.0,408.0
736.0,362.0
771.0,454.0
716.0,470.0
NFZ START
941.0,343.0
997.0,370.0
1002.0,406.0
921.0,404.0
NFZ START
783.0,298.0
869.0,324.0
838.0,365.0
781.0,355.0
=======
START_LOC: 	95.0,74.0
283.0,71.0
140.0,115.0
93.0,241.0
94.0,445.0
177.0,536.0
395.0,550.0
556.0,530.0
659.0,493.0
727.0,352.0
713.0,222.0
664.0,178.0
595.0,166.0
474.0,173.0
433.0,157.0
411.0,121.0
375.0,110.0
283.0,71.0
====NFZ====
NFZ START
235.0,190.0
259.0,239.0
328.0,189.0
274.0,134.0
239.0,140.0
NFZ START
512.0,321.0
439.0,383.0
556.0,414.0
608.0,374.0
574.0,349.0
>>>>>>> 2885d6ec90e51f77eec9234d8f09df90fef2ad70
=======
START_LOC: 	56.0,457.0
74.0,540.0
170.0,543.0
202.0,522.0
280.0,532.0
341.0,529.0
405.0,492.0
483.0,501.0
535.0,473.0
602.0,458.0
721.0,444.0
794.0,356.0
804.0,311.0
810.0,236.0
772.0,133.0
728.0,107.0
421.0,70.0
122.0,127.0
88.0,208.0
90.0,297.0
95.0,354.0
>>>>>>> 6b630ec3c4062bfb88478f4c8f0303549d25c8ff
====END====